5.08136 9.43967 8.39273
4.93557 1.49891 2.47272
1.50488 0.06138 2.14209
1.25655 1.06902 3.16445
4.52474 0.69429 4.97752
2.54504 2.64694 8.98700
6.42892 4.03948 8.55236
9.29089 6.81687 0.10609
3.74242 3.26100 7.47071
5.75188 5.96668 4.38102
5.69693 3.54725 3.90195
5.01932 3.68886 2.99451
4.04012 8.74620 9.15718
3.44766 2.06768 4.05739
7.99743 9.24714 8.77540
4.45300 1.22108 4.08207
9.29448 2.42194 1.13961
4.41306 9.13443 4.61988
9.47164 1.92742 7.50460
5.09381 4.73954 3.52880
9.41297 4.33025 9.87189
2.14616 4.30409 0.09622
1.14282 8.84387 8.28728
0.39361 7.88865 2.24964
5.32415 6.36487 0.58843
1.28320 2.64351 8.26252
7.01046 4.48440 1.70025
5.31851 1.68956 6.78601
0.65271 4.45726 5.27686
1.04731 0.60636 6.75341
6.38509 5.28996 1.28528
3.22126 9.30783 3.05322
6.23111 7.90298 0.67696
2.03308 6.44811 7.22233
2.20397 5.34355 5.28949
2.09035 2.91099 8.32567
9.98580 5.51076 9.22801
9.72461 6.56362 1.86967
0.88709 9.19279 7.75249
0.57277 8.73917 5.83598
9.49053 8.62771 6.60355
1.35040 5.68670 2.74669
1.62684 1.11413 0.02052
3.05630 1.87686 4.40402
5.17663 4.72352 6.59090
7.45983 8.56458 1.75176
5.93837 3.17357 0.40725
3.67233 2.04943 7.91692
7.32244 3.23925 7.57488
5.92180 3.12074 1.23990
4.18573 8.27537 0.32083
6.60327 8.72866 4.52749
6.13860 9.50324 1.18699
5.08377 8.63094 5.18899
4.53008 5.42206 5.23785
6.01562 9.34287 2.85664
5.91638 2.71957 3.20379
2.63865 0.62373 8.71249
9.47907 6.39106 3.14799
9.94681 8.49231 3.85167
5.02990 8.48034 1.91412
6.11345 4.32241 5.11388
6.03033 6.35661 1.81260
8.71540 4.28492 5.74089
9.34031 1.34843 3.10526
5.62941 9.15109 6.14396
3.22099 8.53383 4.45769
1.07681 5.57039 7.79067
2.95856 2.71595 5.07115
3.19196 5.11403 1.93238
4.88020 9.84710 2.10677
8.62652 7.05525 0.72335
4.72022 6.62235 5.06474
4.40082 7.91721 0.79353
4.58074 6.64944 7.69946
3.97584 7.93006 8.19757
4.24671 7.86216 5.84436
2.43982 9.42239 8.44445
9.57238 1.17259 1.66179
1.27090 8.94941 2.05192
2.54475 5.54895 5.92453
2.94980 8.53065 4.02169
2.59205 9.56564 5.03851
0.62185 9.17304 1.69835
2.27042 8.78203 1.66552
9.98414 8.79316 7.74869
5.55988 0.05241 3.60294
0.12726 5.52774 8.30032
9.39519 1.79840 9.89223
1.46134 7.93577 8.76139
0.07385 9.43697 2.50720
4.02858 1.68460 9.26056
0.53213 4.46359 8.53561
2.33621 8.75809 3.42527
2.71812 6.74949 3.45391
2.73468 6.20862 4.14769
8.94574 3.22335 9.65147
2.63954 6.73292 7.99632
6.21366 7.74517 4.76985
3.21072 1.05405 8.94144
