6.74567 3.63220 3.52111
2.59814 6.44957 6.37104
5.16456 7.54329 5.98308
8.21719 8.04483 1.02091
0.46687 5.10207 5.29395
0.58333 8.08129 0.36500
6.41576 8.80230 0.32655
8.45301 1.52621 5.89052
2.59913 5.09026 8.93467
7.09890 7.01221 0.95249
4.26360 9.73270 9.88443
2.86951 9.34675 4.54223
7.86995 5.61853 7.88183
1.82298 5.61401 6.61698
7.73068 3.24309 9.39760
5.58709 2.01333 2.33547
1.66740 0.66679 7.16183
5.15462 6.03277 1.27628
5.31411 3.56179 1.45349
2.72750 0.12759 4.83658
2.70045 7.86273 5.60989
4.08805 1.01421 9.92847
1.16073 4.06834 2.00689
5.76100 9.23243 2.05010
5.61585 7.93648 7.80226
7.57637 6.81808 2.93031
4.03463 2.67688 8.30029
0.27503 4.43829 0.49140
0.66200 8.74785 1.71204
0.26508 9.75559 6.17926
1.95762 8.26361 1.65423
0.74719 6.85276 2.87068
6.11122 7.32139 1.73545
5.12109 8.21560 9.07856
4.55277 5.14971 3.56482
6.21217 1.95749 5.97588
0.77127 3.27170 6.12673
2.15992 3.31512 5.25701
1.00908 4.70246 4.44654
7.82060 2.12750 8.48120
4.44843 6.06887 5.39199
3.39354 5.10559 7.30392
5.89294 1.10785 0.61650
8.28293 8.50016 5.62115
7.57132 4.88325 3.79442
3.94668 0.60758 7.33598
0.31485 5.64787 9.26035
3.14403 5.07800 6.75720
5.52296 8.13353 0.23026
0.12335 4.00867 3.81085
9.56739 1.34984 9.45743
4.93549 4.66718 1.67129
9.08450 5.06324 0.47032
5.52978 3.04376 6.18101
1.17293 2.67392 7.36853
6.23580 2.88429 7.07623
4.57987 6.53605 6.05149
2.07857 7.62842 3.39025
9.20687 8.63047 0.99407
3.40141 6.68411 9.75861
8.83516 5.66556 1.24454
5.29708 2.26208 0.80881
2.37910 1.39285 0.44998
4.58855 4.01062 7.31064
3.12900 1.04179 9.57696
3.72792 8.43491 6.26072
8.49311 7.37887 0.15767
5.21273 2.24272 8.30970
4.05283 8.94233 0.36368
1.07721 5.20377 3.61205
7.13014 0.02241 1.78908
5.94140 9.29594 8.26195
0.73661 5.57365 3.84598
4.76722 0.95067 8.78341
3.33702 9.56502 7.01057
5.27863 7.84248 9.60929
3.62834 0.04328 6.65579
2.37992 6.44607 1.81134
3.78056 6.12671 4.27216
0.15549 6.16732 7.67425
1.00799 5.06195 7.16497
3.39867 6.53065 1.38289
3.60679 9.01455 3.63689
4.42376 5.44344 1.59600
9.20935 3.80087 6.36516
3.67646 6.28371 5.14295
1.02485 7.83843 8.99410
4.02483 5.50605 4.79843
7.92524 8.79742 1.96333
7.41793 4.30743 3.80164
8.17176 4.19407 2.03893
3.38033 7.20241 5.82657
8.18727 8.58284 2.30994
2.64673 6.48142 1.50941
7.59367 4.75388 8.00598
9.09906 0.98465 5.76842
7.04793 0.24953 0.37639
3.75424 6.75748 0.86746
5.55765 2.38816 3.28363
1.94010 9.97546 6.81287
